sphere -10 -5 -15 0.5 0.9 0.4 0.2
sphere -10 5 -15 0.5 0.2 0.9 0.4
sphere -10 -5 -14 0.5 0.9 0.4 0.2
sphere -10 5 -14 0.5 0.2 0.9 0.4
sphere -10 -5 -13 0.5 0.9 0.4 0.2
sphere -10 5 -13 0.5 0.2 0.9 0.4
sphere -10 -5 -12 0.5 0.9 0.4 0.2
sphere -10 5 -12 0.5 0.2 0.9 0.4
sphere -10 -5 -11 0.5 0.9 0.4 0.2
sphere -10 5 -11 0.5 0.2 0.9 0.4
sphere -10 -5 -10 0.5 0.9 0.4 0.2
sphere -10 5 -10 0.5 0.2 0.9 0.4
sphere -10 -5 -9 0.5 0.9 0.4 0.2
sphere -10 5 -9 0.5 0.2 0.9 0.4
sphere -10 -5 -8 0.5 0.9 0.4 0.2
sphere -10 5 -8 0.5 0.2 0.9 0.4
sphere -10 -5 -7 0.5 0.9 0.4 0.2
sphere -10 5 -7 0.5 0.2 0.9 0.4
sphere -10 -5 -6 0.5 0.9 0.4 0.2
sphere -10 5 -6 0.5 0.2 0.9 0.4
sphere -10 -5 -5 0.5 0.9 0.4 0.2
sphere -10 5 -5 0.5 0.2 0.9 0.4
sphere -9 -5 -15 0.5 0.9 0.4 0.2
sphere -9 5 -15 0.5 0.2 0.9 0.4
sphere -9 -5 -14 0.5 0.9 0.4 0.2
sphere -9 5 -14 0.5 0.2 0.9 0.4
sphere -9 -5 -13 0.5 0.9 0.4 0.2
sphere -9 5 -13 0.5 0.2 0.9 0.4
sphere -9 -5 -12 0.5 0.9 0.4 0.2
sphere -9 5 -12 0.5 0.2 0.9 0.4
sphere -9 -5 -11 0.5 0.9 0.4 0.2
sphere -9 5 -11 0.5 0.2 0.9 0.4
sphere -9 -5 -10 0.5 0.9 0.4 0.2
sphere -9 5 -10 0.5 0.2 0.9 0.4
sphere -9 -5 -9 0.5 0.9 0.4 0.2
sphere -9 5 -9 0.5 0.2 0.9 0.4
sphere -9 -5 -8 0.5 0.9 0.4 0.2
sphere -9 5 -8 0.5 0.2 0.9 0.4
sphere -9 -5 -7 0.5 0.9 0.4 0.2
sphere -9 5 -7 0.5 0.2 0.9 0.4
sphere -9 -5 -6 0.5 0.9 0.4 0.2
sphere -9 5 -6 0.5 0.2 0.9 0.4
sphere -9 -5 -5 0.5 0.9 0.4 0.2
sphere -9 5 -5 0.5 0.2 0.9 0.4
sphere -8 -5 -15 0.5 0.9 0.4 0.2
sphere -8 5 -15 0.5 0.2 0.9 0.4
sphere -8 -5 -14 0.5 0.9 0.4 0.2
sphere -8 5 -14 0.5 0.2 0.9 0.4
sphere -8 -5 -13 0.5 0.9 0.4 0.2
sphere -8 5 -13 0.5 0.2 0.9 0.4
sphere -8 -5 -12 0.5 0.9 0.4 0.2
sphere -8 5 -12 0.5 0.2 0.9 0.4
sphere -8 -5 -11 0.5 0.9 0.4 0.2
sphere -8 5 -11 0.5 0.2 0.9 0.4
sphere -8 -5 -10 0.5 0.9 0.4 0.2
sphere -8 5 -10 0.5 0.2 0.9 0.4
sphere -8 -5 -9 0.5 0.9 0.4 0.2
sphere -8 5 -9 0.5 0.2 0.9 0.4
sphere -8 -5 -8 0.5 0.9 0.4 0.2
sphere -8 5 -8 0.5 0.2 0.9 0.4
sphere -8 -5 -7 0.5 0.9 0.4 0.2
sphere -8 5 -7 0.5 0.2 0.9 0.4
sphere -8 -5 -6 0.5 0.9 0.4 0.2
sphere -8 5 -6 0.5 0.2 0.9 0.4
sphere -8 -5 -5 0.5 0.9 0.4 0.2
sphere -8 5 -5 0.5 0.2 0.9 0.4
sphere -7 -5 -15 0.5 0.9 0.4 0.2
sphere -7 5 -15 0.5 0.2 0.9 0.4
sphere -7 -5 -14 0.5 0.9 0.4 0.2
sphere -7 5 -14 0.5 0.2 0.9 0.4
sphere -7 -5 -13 0.5 0.9 0.4 0.2
sphere -7 5 -13 0.5 0.2 0.9 0.4
sphere -7 -5 -12 0.5 0.9 0.4 0.2
sphere -7 5 -12 0.5 0.2 0.9 0.4
sphere -7 -5 -11 0.5 0.9 0.4 0.2
sphere -7 5 -11 0.5 0.2 0.9 0.4
sphere -7 -5 -10 0.5 0.9 0.4 0.2
sphere -7 5 -10 0.5 0.2 0.9 0.4
sphere -7 -5 -9 0.5 0.9 0.4 0.2
sphere -7 5 -9 0.5 0.2 0.9 0.4
sphere -7 -5 -8 0.5 0.9 0.4 0.2
sphere -7 5 -8 0.5 0.2 0.9 0.4
sphere -7 -5 -7 0.5 0.9 0.4 0.2
sphere -7 5 -7 0.5 0.2 0.9 0.4
sphere -7 -5 -6 0.5 0.9 0.4 0.2
sphere -7 5 -6 0.5 0.2 0.9 0.4
sphere -7 -5 -5 0.5 0.9 0.4 0.2
sphere -7 5 -5 0.5 0.2 0.9 0.4
sphere -6 -5 -15 0.5 0.9 0.4 0.2
sphere -6 5 -15 0.5 0.2 0.9 0.4
sphere -6 -5 -14 0.5 0.9 0.4 0.2
sphere -6 5 -14 0.5 0.2 0.9 0.4
sphere -6 -5 -13 0.5 0.9 0.4 0.2
sphere -6 5 -13 0.5 0.2 0.9 0.4
sphere -6 -5 -12 0.5 0.9 0.4 0.2
sphere -6 5 -12 0.5 0.2 0.9 0.4
sphere -6 -5 -11 0.5 0.9 0.4 0.2
sphere -6 5 -11 0.5 0.2 0.9 0.4
sphere -6 -5 -10 0.5 0.9 0.4 0.2
sphere -6 5 -10 0.5 0.2 0.9 0.4
sphere -6 -5 -9 0.5 0.9 0.4 0.2
sphere -6 5 -9 0.5 0.2 0.9 0.4
sphere -6 -5 -8 0.5 0.9 0.4 0.2
sphere -6 5 -8 0.5 0.2 0.9 0.4
sphere -6 -5 -7 0.5 0.9 0.4 0.2
sphere -6 5 -7 0.5 0.2 0.9 0.4
sphere -6 -5 -6 0.5 0.9 0.4 0.2
sphere -6 5 -6 0.5 0.2 0.9 0.4
sphere -6 -5 -5 0.5 0.9 0.4 0.2
sphere -6 5 -5 0.5 0.2 0.9 0.4
sphere -5 -5 -15 0.5 0.9 0.4 0.2
sphere -5 5 -15 0.5 0.2 0.9 0.4
sphere -5 -5 -14 0.5 0.9 0.4 0.2
sphere -5 5 -14 0.5 0.2 0.9 0.4
sphere -5 -5 -13 0.5 0.9 0.4 0.2
sphere -5 5 -13 0.5 0.2 0.9 0.4
sphere -5 -5 -12 0.5 0.9 0.4 0.2
sphere -5 5 -12 0.5 0.2 0.9 0.4
sphere -5 -5 -11 0.5 0.9 0.4 0.2
sphere -5 5 -11 0.5 0.2 0.9 0.4
sphere -5 -5 -10 0.5 0.9 0.4 0.2
sphere -5 5 -10 0.5 0.2 0.9 0.4
sphere -5 -5 -9 0.5 0.9 0.4 0.2
sphere -5 5 -9 0.5 0.2 0.9 0.4
sphere -5 -5 -8 0.5 0.9 0.4 0.2
sphere -5 5 -8 0.5 0.2 0.9 0.4
sphere -5 -5 -7 0.5 0.9 0.4 0.2
sphere -5 5 -7 0.5 0.2 0.9 0.4
sphere -5 -5 -6 0.5 0.9 0.4 0.2
sphere -5 5 -6 0.5 0.2 0.9 0.4
sphere -5 -5 -5 0.5 0.9 0.4 0.2
sphere -5 5 -5 0.5 0.2 0.9 0.4
sphere -4 -5 -15 0.5 0.9 0.4 0.2
sphere -4 5 -15 0.5 0.2 0.9 0.4
sphere -4 -5 -14 0.5 0.9 0.4 0.2
sphere -4 5 -14 0.5 0.2 0.9 0.4
sphere -4 -5 -13 0.5 0.9 0.4 0.2
sphere -4 5 -13 0.5 0.2 0.9 0.4
sphere -4 -5 -12 0.5 0.9 0.4 0.2
sphere -4 5 -12 0.5 0.2 0.9 0.4
sphere -4 -5 -11 0.5 0.9 0.4 0.2
sphere -4 5 -11 0.5 0.2 0.9 0.4
sphere -4 -5 -10 0.5 0.9 0.4 0.2
sphere -4 5 -10 0.5 0.2 0.9 0.4
sphere -4 -5 -9 0.5 0.9 0.4 0.2
sphere -4 5 -9 0.5 0.2 0.9 0.4
sphere -4 -5 -8 0.5 0.9 0.4 0.2
sphere -4 5 -8 0.5 0.2 0.9 0.4
sphere -4 -5 -7 0.5 0.9 0.4 0.2
sphere -4 5 -7 0.5 0.2 0.9 0.4
sphere -4 -5 -6 0.5 0.9 0.4 0.2
sphere -4 5 -6 0.5 0.2 0.9 0.4
sphere -4 -5 -5 0.5 0.9 0.4 0.2
sphere -4 5 -5 0.5 0.2 0.9 0.4
sphere -3 -5 -15 0.5 0.9 0.4 0.2
sphere -3 5 -15 0.5 0.2 0.9 0.4
sphere -3 -5 -14 0.5 0.9 0.4 0.2
sphere -3 5 -14 0.5 0.2 0.9 0.4
sphere -3 -5 -13 0.5 0.9 0.4 0.2
sphere -3 5 -13 0.5 0.2 0.9 0.4
sphere -3 -5 -12 0.5 0.9 0.4 0.2
sphere -3 5 -12 0.5 0.2 0.9 0.4
sphere -3 -5 -11 0.5 0.9 0.4 0.2
sphere -3 5 -11 0.5 0.2 0.9 0.4
sphere -3 -5 -10 0.5 0.9 0.4 0.2
sphere -3 5 -10 0.5 0.2 0.9 0.4
sphere -3 -5 -9 0.5 0.9 0.4 0.2
sphere -3 5 -9 0.5 0.2 0.9 0.4
sphere -3 -5 -8 0.5 0.9 0.4 0.2
sphere -3 5 -8 0.5 0.2 0.9 0.4
sphere -3 -5 -7 0.5 0.9 0.4 0.2
sphere -3 5 -7 0.5 0.2 0.9 0.4
sphere -3 -5 -6 0.5 0.9 0.4 0.2
sphere -3 5 -6 0.5 0.2 0.9 0.4
sphere -3 -5 -5 0.5 0.9 0.4 0.2
sphere -3 5 -5 0.5 0.2 0.9 0.4
sphere -2 -5 -15 0.5 0.9 0.4 0.2
sphere -2 5 -15 0.5 0.2 0.9 0.4
sphere -2 -5 -14 0.5 0.9 0.4 0.2
sphere -2 5 -14 0.5 0.2 0.9 0.4
sphere -2 -5 -13 0.5 0.9 0.4 0.2
sphere -2 5 -13 0.5 0.2 0.9 0.4
sphere -2 -5 -12 0.5 0.9 0.4 0.2
sphere -2 5 -12 0.5 0.2 0.9 0.4
sphere -2 -5 -11 0.5 0.9 0.4 0.2
sphere -2 5 -11 0.5 0.2 0.9 0.4
sphere -2 -5 -10 0.5 0.9 0.4 0.2
sphere -2 5 -10 0.5 0.2 0.9 0.4
sphere -2 -5 -9 0.5 0.9 0.4 0.2
sphere -2 5 -9 0.5 0.2 0.9 0.4
sphere -2 -5 -8 0.5 0.9 0.4 0.2
sphere -2 5 -8 0.5 0.2 0.9 0.4
sphere -2 -5 -7 0.5 0.9 0.4 0.2
sphere -2 5 -7 0.5 0.2 0.9 0.4
sphere -2 -5 -6 0.5 0.9 0.4 0.2
sphere -2 5 -6 0.5 0.2 0.9 0.4
sphere -2 -5 -5 0.5 0.9 0.4 0.2
sphere -2 5 -5 0.5 0.2 0.9 0.4
sphere -1 -5 -15 0.5 0.9 0.4 0.2
sphere -1 5 -15 0.5 0.2 0.9 0.4
sphere -1 -5 -14 0.5 0.9 0.4 0.2
sphere -1 5 -14 0.5 0.2 0.9 0.4
sphere -1 -5 -13 0.5 0.9 0.4 0.2
sphere -1 5 -13 0.5 0.2 0.9 0.4
sphere -1 -5 -12 0.5 0.9 0.4 0.2
sphere -1 5 -12 0.5 0.2 0.9 0.4
sphere -1 -5 -11 0.5 0.9 0.4 0.2
sphere -1 5 -11 0.5 0.2 0.9 0.4
sphere -1 -5 -10 0.5 0.9 0.4 0.2
sphere -1 5 -10 0.5 0.2 0.9 0.4
sphere -1 -5 -9 0.5 0.9 0.4 0.2
sphere -1 5 -9 0.5 0.2 0.9 0.4
sphere -1 -5 -8 0.5 0.9 0.4 0.2
sphere -1 5 -8 0.5 0.2 0.9 0.4
sphere -1 -5 -7 0.5 0.9 0.4 0.2
sphere -1 5 -7 0.5 0.2 0.9 0.4
sphere -1 -5 -6 0.5 0.9 0.4 0.2
sphere -1 5 -6 0.5 0.2 0.9 0.4
sphere -1 -5 -5 0.5 0.9 0.4 0.2
sphere -1 5 -5 0.5 0.2 0.9 0.4
sphere 0 -5 -15 0.5 0.9 0.4 0.2
sphere 0 5 -15 0.5 0.2 0.9 0.4
sphere 0 -5 -14 0.5 0.9 0.4 0.2
sphere 0 5 -14 0.5 0.2 0.9 0.4
sphere 0 -5 -13 0.5 0.9 0.4 0.2
sphere 0 5 -13 0.5 0.2 0.9 0.4
sphere 0 -5 -12 0.5 0.9 0.4 0.2
sphere 0 5 -12 0.5 0.2 0.9 0.4
sphere 0 -5 -11 0.5 0.9 0.4 0.2
sphere 0 5 -11 0.5 0.2 0.9 0.4
sphere 0 -5 -10 0.5 0.9 0.4 0.2
sphere 0 5 -10 0.5 0.2 0.9 0.4
sphere 0 -5 -9 0.5 0.9 0.4 0.2
sphere 0 5 -9 0.5 0.2 0.9 0.4
sphere 0 -5 -8 0.5 0.9 0.4 0.2
sphere 0 5 -8 0.5 0.2 0.9 0.4
sphere 0 -5 -7 0.5 0.9 0.4 0.2
sphere 0 5 -7 0.5 0.2 0.9 0.4
sphere 0 -5 -6 0.5 0.9 0.4 0.2
sphere 0 5 -6 0.5 0.2 0.9 0.4
sphere 0 -5 -5 0.5 0.9 0.4 0.2
sphere 0 5 -5 0.5 0.2 0.9 0.4
sphere 1 -5 -15 0.5 0.9 0.4 0.2
sphere 1 5 -15 0.5 0.2 0.9 0.4
sphere 1 -5 -14 0.5 0.9 0.4 0.2
sphere 1 5 -14 0.5 0.2 0.9 0.4
sphere 1 -5 -13 0.5 0.9 0.4 0.2
sphere 1 5 -13 0.5 0.2 0.9 0.4
sphere 1 -5 -12 0.5 0.9 0.4 0.2
sphere 1 5 -12 0.5 0.2 0.9 0.4
sphere 1 -5 -11 0.5 0.9 0.4 0.2
sphere 1 5 -11 0.5 0.2 0.9 0.4
sphere 1 -5 -10 0.5 0.9 0.4 0.2
sphere 1 5 -10 0.5 0.2 0.9 0.4
sphere 1 -5 -9 0.5 0.9 0.4 0.2
sphere 1 5 -9 0.5 0.2 0.9 0.4
sphere 1 -5 -8 0.5 0.9 0.4 0.2
sphere 1 5 -8 0.5 0.2 0.9 0.4
sphere 1 -5 -7 0.5 0.9 0.4 0.2
sphere 1 5 -7 0.5 0.2 0.9 0.4
sphere 1 -5 -6 0.5 0.9 0.4 0.2
sphere 1 5 -6 0.5 0.2 0.9 0.4
sphere 1 -5 -5 0.5 0.9 0.4 0.2
sphere 1 5 -5 0.5 0.2 0.9 0.4
sphere 2 -5 -15 0.5 0.9 0.4 0.2
sphere 2 5 -15 0.5 0.2 0.9 0.4
sphere 2 -5 -14 0.5 0.9 0.4 0.2
sphere 2 5 -14 0.5 0.2 0.9 0.4
sphere 2 -5 -13 0.5 0.9 0.4 0.2
sphere 2 5 -13 0.5 0.2 0.9 0.4
sphere 2 -5 -12 0.5 0.9 0.4 0.2
sphere 2 5 -12 0.5 0.2 0.9 0.4
sphere 2 -5 -11 0.5 0.9 0.4 0.2
sphere 2 5 -11 0.5 0.2 0.9 0.4
sphere 2 -5 -10 0.5 0.9 0.4 0.2
sphere 2 5 -10 0.5 0.2 0.9 0.4
sphere 2 -5 -9 0.5 0.9 0.4 0.2
sphere 2 5 -9 0.5 0.2 0.9 0.4
sphere 2 -5 -8 0.5 0.9 0.4 0.2
sphere 2 5 -8 0.5 0.2 0.9 0.4
sphere 2 -5 -7 0.5 0.9 0.4 0.2
sphere 2 5 -7 0.5 0.2 0.9 0.4
sphere 2 -5 -6 0.5 0.9 0.4 0.2
sphere 2 5 -6 0.5 0.2 0.9 0.4
sphere 2 -5 -5 0.5 0.9 0.4 0.2
sphere 2 5 -5 0.5 0.2 0.9 0.4
sphere 3 -5 -15 0.5 0.9 0.4 0.2
sphere 3 5 -15 0.5 0.2 0.9 0.4
sphere 3 -5 -14 0.5 0.9 0.4 0.2
sphere 3 5 -14 0.5 0.2 0.9 0.4
sphere 3 -5 -13 0.5 0.9 0.4 0.2
sphere 3 5 -13 0.5 0.2 0.9 0.4
sphere 3 -5 -12 0.5 0.9 0.4 0.2
sphere 3 5 -12 0.5 0.2 0.9 0.4
sphere 3 -5 -11 0.5 0.9 0.4 0.2
sphere 3 5 -11 0.5 0.2 0.9 0.4
sphere 3 -5 -10 0.5 0.9 0.4 0.2
sphere 3 5 -10 0.5 0.2 0.9 0.4
sphere 3 -5 -9 0.5 0.9 0.4 0.2
sphere 3 5 -9 0.5 0.2 0.9 0.4
sphere 3 -5 -8 0.5 0.9 0.4 0.2
sphere 3 5 -8 0.5 0.2 0.9 0.4
sphere 3 -5 -7 0.5 0.9 0.4 0.2
sphere 3 5 -7 0.5 0.2 0.9 0.4
sphere 3 -5 -6 0.5 0.9 0.4 0.2
sphere 3 5 -6 0.5 0.2 0.9 0.4
sphere 3 -5 -5 0.5 0.9 0.4 0.2
sphere 3 5 -5 0.5 0.2 0.9 0.4
sphere 4 -5 -15 0.5 0.9 0.4 0.2
sphere 4 5 -15 0.5 0.2 0.9 0.4
sphere 4 -5 -14 0.5 0.9 0.4 0.2
sphere 4 5 -14 0.5 0.2 0.9 0.4
sphere 4 -5 -13 0.5 0.9 0.4 0.2
sphere 4 5 -13 0.5 0.2 0.9 0.4
sphere 4 -5 -12 0.5 0.9 0.4 0.2
sphere 4 5 -12 0.5 0.2 0.9 0.4
sphere 4 -5 -11 0.5 0.9 0.4 0.2
sphere 4 5 -11 0.5 0.2 0.9 0.4
sphere 4 -5 -10 0.5 0.9 0.4 0.2
sphere 4 5 -10 0.5 0.2 0.9 0.4
sphere 4 -5 -9 0.5 0.9 0.4 0.2
sphere 4 5 -9 0.5 0.2 0.9 0.4
sphere 4 -5 -8 0.5 0.9 0.4 0.2
sphere 4 5 -8 0.5 0.2 0.9 0.4
sphere 4 -5 -7 0.5 0.9 0.4 0.2
sphere 4 5 -7 0.5 0.2 0.9 0.4
sphere 4 -5 -6 0.5 0.9 0.4 0.2
sphere 4 5 -6 0.5 0.2 0.9 0.4
sphere 4 -5 -5 0.5 0.9 0.4 0.2
sphere 4 5 -5 0.5 0.2 0.9 0.4
sphere 5 -5 -15 0.5 0.9 0.4 0.2
sphere 5 5 -15 0.5 0.2 0.9 0.4
sphere 5 -5 -14 0.5 0.9 0.4 0.2
sphere 5 5 -14 0.5 0.2 0.9 0.4
sphere 5 -5 -13 0.5 0.9 0.4 0.2
sphere 5 5 -13 0.5 0.2 0.9 0.4
sphere 5 -5 -12 0.5 0.9 0.4 0.2
sphere 5 5 -12 0.5 0.2 0.9 0.4
sphere 5 -5 -11 0.5 0.9 0.4 0.2
sphere 5 5 -11 0.5 0.2 0.9 0.4
sphere 5 -5 -10 0.5 0.9 0.4 0.2
sphere 5 5 -10 0.5 0.2 0.9 0.4
sphere 5 -5 -9 0.5 0.9 0.4 0.2
sphere 5 5 -9 0.5 0.2 0.9 0.4
sphere 5 -5 -8 0.5 0.9 0.4 0.2
sphere 5 5 -8 0.5 0.2 0.9 0.4
sphere 5 -5 -7 0.5 0.9 0.4 0.2
sphere 5 5 -7 0.5 0.2 0.9 0.4
sphere 5 -5 -6 0.5 0.9 0.4 0.2
sphere 5 5 -6 0.5 0.2 0.9 0.4
sphere 5 -5 -5 0.5 0.9 0.4 0.2
sphere 5 5 -5 0.5 0.2 0.9 0.4
sphere 6 -5 -15 0.5 0.9 0.4 0.2
sphere 6 5 -15 0.5 0.2 0.9 0.4
sphere 6 -5 -14 0.5 0.9 0.4 0.2
sphere 6 5 -14 0.5 0.2 0.9 0.4
sphere 6 -5 -13 0.5 0.9 0.4 0.2
sphere 6 5 -13 0.5 0.2 0.9 0.4
sphere 6 -5 -12 0.5 0.9 0.4 0.2
sphere 6 5 -12 0.5 0.2 0.9 0.4
sphere 6 -5 -11 0.5 0.9 0.4 0.2
sphere 6 5 -11 0.5 0.2 0.9 0.4
sphere 6 -5 -10 0.5 0.9 0.4 0.2
sphere 6 5 -10 0.5 0.2 0.9 0.4
sphere 6 -5 -9 0.5 0.9 0.4 0.2
sphere 6 5 -9 0.5 0.2 0.9 0.4
sphere 6 -5 -8 0.5 0.9 0.4 0.2
sphere 6 5 -8 0.5 0.2 0.9 0.4
sphere 6 -5 -7 0.5 0.9 0.4 0.2
sphere 6 5 -7 0.5 0.2 0.9 0.4
sphere 6 -5 -6 0.5 0.9 0.4 0.2
sphere 6 5 -6 0.5 0.2 0.9 0.4
sphere 6 -5 -5 0.5 0.9 0.4 0.2
sphere 6 5 -5 0.5 0.2 0.9 0.4
sphere 7 -5 -15 0.5 0.9 0.4 0.2
sphere 7 5 -15 0.5 0.2 0.9 0.4
sphere 7 -5 -14 0.5 0.9 0.4 0.2
sphere 7 5 -14 0.5 0.2 0.9 0.4
sphere 7 -5 -13 0.5 0.9 0.4 0.2
sphere 7 5 -13 0.5 0.2 0.9 0.4
sphere 7 -5 -12 0.5 0.9 0.4 0.2
sphere 7 5 -12 0.5 0.2 0.9 0.4
sphere 7 -5 -11 0.5 0.9 0.4 0.2
sphere 7 5 -11 0.5 0.2 0.9 0.4
sphere 7 -5 -10 0.5 0.9 0.4 0.2
sphere 7 5 -10 0.5 0.2 0.9 0.4
sphere 7 -5 -9 0.5 0.9 0.4 0.2
sphere 7 5 -9 0.5 0.2 0.9 0.4
sphere 7 -5 -8 0.5 0.9 0.4 0.2
sphere 7 5 -8 0.5 0.2 0.9 0.4
sphere 7 -5 -7 0.5 0.9 0.4 0.2
sphere 7 5 -7 0.5 0.2 0.9 0.4
sphere 7 -5 -6 0.5 0.9 0.4 0.2
sphere 7 5 -6 0.5 0.2 0.9 0.4
sphere 7 -5 -5 0.5 0.9 0.4 0.2
sphere 7 5 -5 0.5 0.2 0.9 0.4
sphere 8 -5 -15 0.5 0.9 0.4 0.2
sphere 8 5 -15 0.5 0.2 0.9 0.4
sphere 8 -5 -14 0.5 0.9 0.4 0.2
sphere 8 5 -14 0.5 0.2 0.9 0.4
sphere 8 -5 -13 0.5 0.9 0.4 0.2
sphere 8 5 -13 0.5 0.2 0.9 0.4
sphere 8 -5 -12 0.5 0.9 0.4 0.2
sphere 8 5 -12 0.5 0.2 0.9 0.4
sphere 8 -5 -11 0.5 0.9 0.4 0.2
sphere 8 5 -11 0.5 0.2 0.9 0.4
sphere 8 -5 -10 0.5 0.9 0.4 0.2
sphere 8 5 -10 0.5 0.2 0.9 0.4
sphere 8 -5 -9 0.5 0.9 0.4 0.2
sphere 8 5 -9 0.5 0.2 0.9 0.4
sphere 8 -5 -8 0.5 0.9 0.4 0.2
sphere 8 5 -8 0.5 0.2 0.9 0.4
sphere 8 -5 -7 0.5 0.9 0.4 0.2
sphere 8 5 -7 0.5 0.2 0.9 0.4
sphere 8 -5 -6 0.5 0.9 0.4 0.2
sphere 8 5 -6 0.5 0.2 0.9 0.4
sphere 8 -5 -5 0.5 0.9 0.4 0.2
sphere 8 5 -5 0.5 0.2 0.9 0.4
sphere 9 -5 -15 0.5 0.9 0.4 0.2
sphere 9 5 -15 0.5 0.2 0.9 0.4
sphere 9 -5 -14 0.5 0.9 0.4 0.2
sphere 9 5 -14 0.5 0.2 0.9 0.4
sphere 9 -5 -13 0.5 0.9 0.4 0.2
sphere 9 5 -13 0.5 0.2 0.9 0.4
sphere 9 -5 -12 0.5 0.9 0.4 0.2
sphere 9 5 -12 0.5 0.2 0.9 0.4
sphere 9 -5 -11 0.5 0.9 0.4 0.2
sphere 9 5 -11 0.5 0.2 0.9 0.4
sphere 9 -5 -10 0.5 0.9 0.4 0.2
sphere 9 5 -10 0.5 0.2 0.9 0.4
sphere 9 -5 -9 0.5 0.9 0.4 0.2
sphere 9 5 -9 0.5 0.2 0.9 0.4
sphere 9 -5 -8 0.5 0.9 0.4 0.2
sphere 9 5 -8 0.5 0.2 0.9 0.4
sphere 9 -5 -7 0.5 0.9 0.4 0.2
sphere 9 5 -7 0.5 0.2 0.9 0.4
sphere 9 -5 -6 0.5 0.9 0.4 0.2
sphere 9 5 -6 0.5 0.2 0.9 0.4
sphere 9 -5 -5 0.5 0.9 0.4 0.2
sphere 9 5 -5 0.5 0.2 0.9 0.4
sphere 10 -5 -15 0.5 0.9 0.4 0.2
sphere 10 5 -15 0.5 0.2 0.9 0.4
sphere 10 -5 -14 0.5 0.9 0.4 0.2
sphere 10 5 -14 0.5 0.2 0.9 0.4
sphere 10 -5 -13 0.5 0.9 0.4 0.2
sphere 10 5 -13 0.5 0.2 0.9 0.4
sphere 10 -5 -12 0.5 0.9 0.4 0.2
sphere 10 5 -12 0.5 0.2 0.9 0.4
sphere 10 -5 -11 0.5 0.9 0.4 0.2
sphere 10 5 -11 0.5 0.2 0.9 0.4
sphere 10 -5 -10 0.5 0.9 0.4 0.2
sphere 10 5 -10 0.5 0.2 0.9 0.4
sphere 10 -5 -9 0.5 0.9 0.4 0.2
sphere 10 5 -9 0.5 0.2 0.9 0.4
sphere 10 -5 -8 0.5 0.9 0.4 0.2
sphere 10 5 -8 0.5 0.2 0.9 0.4
sphere 10 -5 -7 0.5 0.9 0.4 0.2
sphere 10 5 -7 0.5 0.2 0.9 0.4
sphere 10 -5 -6 0.5 0.9 0.4 0.2
sphere 10 5 -6 0.5 0.2 0.9 0.4
sphere 10 -5 -5 0.5 0.9 0.4 0.2
sphere 10 5 -5 0.5 0.2 0.9 0.4
sphere -11 -5 -15 0.5 0.4 0.8 1.0
sphere 11 -5 -15 0.5 0.8 0.5 1.0
sphere -11 -5 -14 0.5 0.4 0.8 1.0
sphere 11 -5 -14 0.5 0.8 0.5 1.0
sphere -11 -5 -13 0.5 0.4 0.8 1.0
sphere 11 -5 -13 0.5 0.8 0.5 1.0
sphere -11 -5 -12 0.5 0.4 0.8 1.0
sphere 11 -5 -12 0.5 0.8 0.5 1.0
sphere -11 -5 -11 0.5 0.4 0.8 1.0
sphere 11 -5 -11 0.5 0.8 0.5 1.0
sphere -11 -5 -10 0.5 0.4 0.8 1.0
sphere 11 -5 -10 0.5 0.8 0.5 1.0
sphere -11 -5 -9 0.5 0.4 0.8 1.0
sphere 11 -5 -9 0.5 0.8 0.5 1.0
sphere -11 -5 -8 0.5 0.4 0.8 1.0
sphere 11 -5 -8 0.5 0.8 0.5 1.0
sphere -11 -5 -7 0.5 0.4 0.8 1.0
sphere 11 -5 -7 0.5 0.8 0.5 1.0
sphere -11 -5 -6 0.5 0.4 0.8 1.0
sphere 11 -5 -6 0.5 0.8 0.5 1.0
sphere -11 -4 -15 0.5 0.4 0.8 1.0
sphere 11 -4 -15 0.5 0.8 0.5 1.0
sphere -11 -4 -14 0.5 0.4 0.8 1.0
sphere 11 -4 -14 0.5 0.8 0.5 1.0
sphere -11 -4 -13 0.5 0.4 0.8 1.0
sphere 11 -4 -13 0.5 0.8 0.5 1.0
sphere -11 -4 -12 0.5 0.4 0.8 1.0
sphere 11 -4 -12 0.5 0.8 0.5 1.0
sphere -11 -4 -11 0.5 0.4 0.8 1.0
sphere 11 -4 -11 0.5 0.8 0.5 1.0
sphere -11 -4 -10 0.5 0.4 0.8 1.0
sphere 11 -4 -10 0.5 0.8 0.5 1.0
sphere -11 -4 -9 0.5 0.4 0.8 1.0
sphere 11 -4 -9 0.5 0.8 0.5 1.0
sphere -11 -4 -8 0.5 0.4 0.8 1.0
sphere 11 -4 -8 0.5 0.8 0.5 1.0
sphere -11 -4 -7 0.5 0.4 0.8 1.0
sphere 11 -4 -7 0.5 0.8 0.5 1.0
sphere -11 -4 -6 0.5 0.4 0.8 1.0
sphere 11 -4 -6 0.5 0.8 0.5 1.0
sphere -11 -3 -15 0.5 0.4 0.8 1.0
sphere 11 -3 -15 0.5 0.8 0.5 1.0
sphere -11 -3 -14 0.5 0.4 0.8 1.0
sphere 11 -3 -14 0.5 0.8 0.5 1.0
sphere -11 -3 -13 0.5 0.4 0.8 1.0
sphere 11 -3 -13 0.5 0.8 0.5 1.0
sphere -11 -3 -12 0.5 0.4 0.8 1.0
sphere 11 -3 -12 0.5 0.8 0.5 1.0
sphere -11 -3 -11 0.5 0.4 0.8 1.0
sphere 11 -3 -11 0.5 0.8 0.5 1.0
sphere -11 -3 -10 0.5 0.4 0.8 1.0
sphere 11 -3 -10 0.5 0.8 0.5 1.0
sphere -11 -3 -9 0.5 0.4 0.8 1.0
sphere 11 -3 -9 0.5 0.8 0.5 1.0
sphere -11 -3 -8 0.5 0.4 0.8 1.0
sphere 11 -3 -8 0.5 0.8 0.5 1.0
sphere -11 -3 -7 0.5 0.4 0.8 1.0
sphere 11 -3 -7 0.5 0.8 0.5 1.0
sphere -11 -3 -6 0.5 0.4 0.8 1.0
sphere 11 -3 -6 0.5 0.8 0.5 1.0
sphere -11 -2 -15 0.5 0.4 0.8 1.0
sphere 11 -2 -15 0.5 0.8 0.5 1.0
sphere -11 -2 -14 0.5 0.4 0.8 1.0
sphere 11 -2 -14 0.5 0.8 0.5 1.0
sphere -11 -2 -13 0.5 0.4 0.8 1.0
sphere 11 -2 -13 0.5 0.8 0.5 1.0
sphere -11 -2 -12 0.5 0.4 0.8 1.0
sphere 11 -2 -12 0.5 0.8 0.5 1.0
sphere -11 -2 -11 0.5 0.4 0.8 1.0
sphere 11 -2 -11 0.5 0.8 0.5 1.0
sphere -11 -2 -10 0.5 0.4 0.8 1.0
sphere 11 -2 -10 0.5 0.8 0.5 1.0
sphere -11 -2 -9 0.5 0.4 0.8 1.0
sphere 11 -2 -9 0.5 0.8 0.5 1.0
sphere -11 -2 -8 0.5 0.4 0.8 1.0
sphere 11 -2 -8 0.5 0.8 0.5 1.0
sphere -11 -2 -7 0.5 0.4 0.8 1.0
sphere 11 -2 -7 0.5 0.8 0.5 1.0
sphere -11 -2 -6 0.5 0.4 0.8 1.0
sphere 11 -2 -6 0.5 0.8 0.5 1.0
sphere -11 -1 -15 0.5 0.4 0.8 1.0
sphere 11 -1 -15 0.5 0.8 0.5 1.0
sphere -11 -1 -14 0.5 0.4 0.8 1.0
sphere 11 -1 -14 0.5 0.8 0.5 1.0
sphere -11 -1 -13 0.5 0.4 0.8 1.0
sphere 11 -1 -13 0.5 0.8 0.5 1.0
sphere -11 -1 -12 0.5 0.4 0.8 1.0
sphere 11 -1 -12 0.5 0.8 0.5 1.0
sphere -11 -1 -11 0.5 0.4 0.8 1.0
sphere 11 -1 -11 0.5 0.8 0.5 1.0
sphere -11 -1 -10 0.5 0.4 0.8 1.0
sphere 11 -1 -10 0.5 0.8 0.5 1.0
sphere -11 -1 -9 0.5 0.4 0.8 1.0
sphere 11 -1 -9 0.5 0.8 0.5 1.0
sphere -11 -1 -8 0.5 0.4 0.8 1.0
sphere 11 -1 -8 0.5 0.8 0.5 1.0
sphere -11 -1 -7 0.5 0.4 0.8 1.0
sphere 11 -1 -7 0.5 0.8 0.5 1.0
sphere -11 -1 -6 0.5 0.4 0.8 1.0
sphere 11 -1 -6 0.5 0.8 0.5 1.0
sphere -11 0 -15 0.5 0.4 0.8 1.0
sphere 11 0 -15 0.5 0.8 0.5 1.0
sphere -11 0 -14 0.5 0.4 0.8 1.0
sphere 11 0 -14 0.5 0.8 0.5 1.0
sphere -11 0 -13 0.5 0.4 0.8 1.0
sphere 11 0 -13 0.5 0.8 0.5 1.0
sphere -11 0 -12 0.5 0.4 0.8 1.0
sphere 11 0 -12 0.5 0.8 0.5 1.0
sphere -11 0 -11 0.5 0.4 0.8 1.0
sphere 11 0 -11 0.5 0.8 0.5 1.0
sphere -11 0 -10 0.5 0.4 0.8 1.0
sphere 11 0 -10 0.5 0.8 0.5 1.0
sphere -11 0 -9 0.5 0.4 0.8 1.0
sphere 11 0 -9 0.5 0.8 0.5 1.0
sphere -11 0 -8 0.5 0.4 0.8 1.0
sphere 11 0 -8 0.5 0.8 0.5 1.0
sphere -11 0 -7 0.5 0.4 0.8 1.0
sphere 11 0 -7 0.5 0.8 0.5 1.0
sphere -11 0 -6 0.5 0.4 0.8 1.0
sphere 11 0 -6 0.5 0.8 0.5 1.0
sphere -11 1 -15 0.5 0.4 0.8 1.0
sphere 11 1 -15 0.5 0.8 0.5 1.0
sphere -11 1 -14 0.5 0.4 0.8 1.0
sphere 11 1 -14 0.5 0.8 0.5 1.0
sphere -11 1 -13 0.5 0.4 0.8 1.0
sphere 11 1 -13 0.5 0.8 0.5 1.0
sphere -11 1 -12 0.5 0.4 0.8 1.0
sphere 11 1 -12 0.5 0.8 0.5 1.0
sphere -11 1 -11 0.5 0.4 0.8 1.0
sphere 11 1 -11 0.5 0.8 0.5 1.0
sphere -11 1 -10 0.5 0.4 0.8 1.0
sphere 11 1 -10 0.5 0.8 0.5 1.0
sphere -11 1 -9 0.5 0.4 0.8 1.0
sphere 11 1 -9 0.5 0.8 0.5 1.0
sphere -11 1 -8 0.5 0.4 0.8 1.0
sphere 11 1 -8 0.5 0.8 0.5 1.0
sphere -11 1 -7 0.5 0.4 0.8 1.0
sphere 11 1 -7 0.5 0.8 0.5 1.0
sphere -11 1 -6 0.5 0.4 0.8 1.0
sphere 11 1 -6 0.5 0.8 0.5 1.0
sphere -11 2 -15 0.5 0.4 0.8 1.0
sphere 11 2 -15 0.5 0.8 0.5 1.0
sphere -11 2 -14 0.5 0.4 0.8 1.0
sphere 11 2 -14 0.5 0.8 0.5 1.0
sphere -11 2 -13 0.5 0.4 0.8 1.0
sphere 11 2 -13 0.5 0.8 0.5 1.0
sphere -11 2 -12 0.5 0.4 0.8 1.0
sphere 11 2 -12 0.5 0.8 0.5 1.0
sphere -11 2 -11 0.5 0.4 0.8 1.0
sphere 11 2 -11 0.5 0.8 0.5 1.0
sphere -11 2 -10 0.5 0.4 0.8 1.0
sphere 11 2 -10 0.5 0.8 0.5 1.0
sphere -11 2 -9 0.5 0.4 0.8 1.0
sphere 11 2 -9 0.5 0.8 0.5 1.0
sphere -11 2 -8 0.5 0.4 0.8 1.0
sphere 11 2 -8 0.5 0.8 0.5 1.0
sphere -11 2 -7 0.5 0.4 0.8 1.0
sphere 11 2 -7 0.5 0.8 0.5 1.0
sphere -11 2 -6 0.5 0.4 0.8 1.0
sphere 11 2 -6 0.5 0.8 0.5 1.0
sphere -11 3 -15 0.5 0.4 0.8 1.0
sphere 11 3 -15 0.5 0.8 0.5 1.0
sphere -11 3 -14 0.5 0.4 0.8 1.0
sphere 11 3 -14 0.5 0.8 0.5 1.0
sphere -11 3 -13 0.5 0.4 0.8 1.0
sphere 11 3 -13 0.5 0.8 0.5 1.0
sphere -11 3 -12 0.5 0.4 0.8 1.0
sphere 11 3 -12 0.5 0.8 0.5 1.0
sphere -11 3 -11 0.5 0.4 0.8 1.0
sphere 11 3 -11 0.5 0.8 0.5 1.0
sphere -11 3 -10 0.5 0.4 0.8 1.0
sphere 11 3 -10 0.5 0.8 0.5 1.0
sphere -11 3 -9 0.5 0.4 0.8 1.0
sphere 11 3 -9 0.5 0.8 0.5 1.0
sphere -11 3 -8 0.5 0.4 0.8 1.0
sphere 11 3 -8 0.5 0.8 0.5 1.0
sphere -11 3 -7 0.5 0.4 0.8 1.0
sphere 11 3 -7 0.5 0.8 0.5 1.0
sphere -11 3 -6 0.5 0.4 0.8 1.0
sphere 11 3 -6 0.5 0.8 0.5 1.0
sphere -11 4 -15 0.5 0.4 0.8 1.0
sphere 11 4 -15 0.5 0.8 0.5 1.0
sphere -11 4 -14 0.5 0.4 0.8 1.0
sphere 11 4 -14 0.5 0.8 0.5 1.0
sphere -11 4 -13 0.5 0.4 0.8 1.0
sphere 11 4 -13 0.5 0.8 0.5 1.0
sphere -11 4 -12 0.5 0.4 0.8 1.0
sphere 11 4 -12 0.5 0.8 0.5 1.0
sphere -11 4 -11 0.5 0.4 0.8 1.0
sphere 11 4 -11 0.5 0.8 0.5 1.0
sphere -11 4 -10 0.5 0.4 0.8 1.0
sphere 11 4 -10 0.5 0.8 0.5 1.0
sphere -11 4 -9 0.5 0.4 0.8 1.0
sphere 11 4 -9 0.5 0.8 0.5 1.0
sphere -11 4 -8 0.5 0.4 0.8 1.0
sphere 11 4 -8 0.5 0.8 0.5 1.0
sphere -11 4 -7 0.5 0.4 0.8 1.0
sphere 11 4 -7 0.5 0.8 0.5 1.0
sphere -11 4 -6 0.5 0.4 0.8 1.0
sphere 11 4 -6 0.5 0.8 0.5 1.0
sphere -11 5 -15 0.5 0.4 0.8 1.0
sphere 11 5 -15 0.5 0.8 0.5 1.0
sphere -11 5 -14 0.5 0.4 0.8 1.0
sphere 11 5 -14 0.5 0.8 0.5 1.0
sphere -11 5 -13 0.5 0.4 0.8 1.0
sphere 11 5 -13 0.5 0.8 0.5 1.0
sphere -11 5 -12 0.5 0.4 0.8 1.0
sphere 11 5 -12 0.5 0.8 0.5 1.0
sphere -11 5 -11 0.5 0.4 0.8 1.0
sphere 11 5 -11 0.5 0.8 0.5 1.0
sphere -11 5 -10 0.5 0.4 0.8 1.0
sphere 11 5 -10 0.5 0.8 0.5 1.0
sphere -11 5 -9 0.5 0.4 0.8 1.0
sphere 11 5 -9 0.5 0.8 0.5 1.0
sphere -11 5 -8 0.5 0.4 0.8 1.0
sphere 11 5 -8 0.5 0.8 0.5 1.0
sphere -11 5 -7 0.5 0.4 0.8 1.0
sphere 11 5 -7 0.5 0.8 0.5 1.0
sphere -11 5 -6 0.5 0.4 0.8 1.0
sphere 11 5 -6 0.5 0.8 0.5 1.0
sphere -11 -5 -16 0.5 1 1 0
sphere -11 -4 -16 0.5 1 1 0
sphere -11 -3 -16 0.5 1 1 0
sphere -11 -2 -16 0.5 1 1 0
sphere -11 -1 -16 0.5 1 1 0
sphere -11 0 -16 0.5 1 1 0
sphere -11 1 -16 0.5 1 1 0
sphere -11 2 -16 0.5 1 1 0
sphere -11 3 -16 0.5 1 1 0
sphere -11 4 -16 0.5 1 1 0
sphere -11 5 -16 0.5 1 1 0
sphere -10 -5 -16 0.5 1 1 0
sphere -10 -4 -16 0.5 1 1 0
sphere -10 -3 -16 0.5 1 1 0
sphere -10 -2 -16 0.5 1 1 0
sphere -10 -1 -16 0.5 1 1 0
sphere -10 0 -16 0.5 1 1 0
sphere -10 1 -16 0.5 1 1 0
sphere -10 2 -16 0.5 1 1 0
sphere -10 3 -16 0.5 1 1 0
sphere -10 4 -16 0.5 1 1 0
sphere -10 5 -16 0.5 1 1 0
sphere -9 -5 -16 0.5 1 1 0
sphere -9 -4 -16 0.5 1 1 0
sphere -9 -3 -16 0.5 1 1 0
sphere -9 -2 -16 0.5 1 1 0
sphere -9 -1 -16 0.5 1 1 0
sphere -9 0 -16 0.5 1 1 0
sphere -9 1 -16 0.5 1 1 0
sphere -9 2 -16 0.5 1 1 0
sphere -9 3 -16 0.5 1 1 0
sphere -9 4 -16 0.5 1 1 0
sphere -9 5 -16 0.5 1 1 0
sphere -8 -5 -16 0.5 1 1 0
sphere -8 -4 -16 0.5 1 1 0
sphere -8 -3 -16 0.5 1 1 0
sphere -8 -2 -16 0.5 1 1 0
sphere -8 -1 -16 0.5 1 1 0
sphere -8 0 -16 0.5 1 1 0
sphere -8 1 -16 0.5 1 1 0
sphere -8 2 -16 0.5 1 1 0
sphere -8 3 -16 0.5 1 1 0
sphere -8 4 -16 0.5 1 1 0
sphere -8 5 -16 0.5 1 1 0
sphere -7 -5 -16 0.5 1 1 0
sphere -7 -4 -16 0.5 1 1 0
sphere -7 -3 -16 0.5 1 1 0
sphere -7 -2 -16 0.5 1 1 0
sphere -7 -1 -16 0.5 1 1 0
sphere -7 0 -16 0.5 1 1 0
sphere -7 1 -16 0.5 1 1 0
sphere -7 2 -16 0.5 1 1 0
sphere -7 3 -16 0.5 1 1 0
sphere -7 4 -16 0.5 1 1 0
sphere -7 5 -16 0.5 1 1 0
sphere -6 -5 -16 0.5 1 1 0
sphere -6 -4 -16 0.5 1 1 0
sphere -6 -3 -16 0.5 1 1 0
sphere -6 -2 -16 0.5 1 1 0
sphere -6 -1 -16 0.5 1 1 0
sphere -6 0 -16 0.5 1 1 0
sphere -6 1 -16 0.5 1 1 0
sphere -6 2 -16 0.5 1 1 0
sphere -6 3 -16 0.5 1 1 0
sphere -6 4 -16 0.5 1 1 0
sphere -6 5 -16 0.5 1 1 0
sphere -5 -5 -16 0.5 1 1 0
sphere -5 -4 -16 0.5 1 1 0
sphere -5 -3 -16 0.5 1 1 0
sphere -5 -2 -16 0.5 1 1 0
sphere -5 -1 -16 0.5 1 1 0
sphere -5 0 -16 0.5 1 1 0
sphere -5 1 -16 0.5 1 1 0
sphere -5 2 -16 0.5 1 1 0
sphere -5 3 -16 0.5 1 1 0
sphere -5 4 -16 0.5 1 1 0
sphere -5 5 -16 0.5 1 1 0
sphere -4 -5 -16 0.5 1 1 0
sphere -4 -4 -16 0.5 1 1 0
sphere -4 -3 -16 0.5 1 1 0
sphere -4 -2 -16 0.5 1 1 0
sphere -4 -1 -16 0.5 1 1 0
sphere -4 0 -16 0.5 1 1 0
sphere -4 1 -16 0.5 1 1 0
sphere -4 2 -16 0.5 1 1 0
sphere -4 3 -16 0.5 1 1 0
sphere -4 4 -16 0.5 1 1 0
sphere -4 5 -16 0.5 1 1 0
sphere -3 -5 -16 0.5 1 1 0
sphere -3 -4 -16 0.5 1 1 0
sphere -3 -3 -16 0.5 1 1 0
sphere -3 -2 -16 0.5 1 1 0
sphere -3 -1 -16 0.5 1 1 0
sphere -3 0 -16 0.5 1 1 0
sphere -3 1 -16 0.5 1 1 0
sphere -3 2 -16 0.5 1 1 0
sphere -3 3 -16 0.5 1 1 0
sphere -3 4 -16 0.5 1 1 0
sphere -3 5 -16 0.5 1 1 0
sphere -2 -5 -16 0.5 1 1 0
sphere -2 -4 -16 0.5 1 1 0
sphere -2 -3 -16 0.5 1 1 0
sphere -2 -2 -16 0.5 1 1 0
sphere -2 -1 -16 0.5 1 1 0
sphere -2 0 -16 0.5 1 1 0
sphere -2 1 -16 0.5 1 1 0
sphere -2 2 -16 0.5 1 1 0
sphere -2 3 -16 0.5 1 1 0
sphere -2 4 -16 0.5 1 1 0
sphere -2 5 -16 0.5 1 1 0
sphere -1 -5 -16 0.5 1 1 0
sphere -1 -4 -16 0.5 1 1 0
sphere -1 -3 -16 0.5 1 1 0
sphere -1 -2 -16 0.5 1 1 0
sphere -1 -1 -16 0.5 1 1 0
sphere -1 0 -16 0.5 1 1 0
sphere -1 1 -16 0.5 1 1 0
sphere -1 2 -16 0.5 1 1 0
sphere -1 3 -16 0.5 1 1 0
sphere -1 4 -16 0.5 1 1 0
sphere -1 5 -16 0.5 1 1 0
sphere 0 -5 -16 0.5 1 1 0
sphere 0 -4 -16 0.5 1 1 0
sphere 0 -3 -16 0.5 1 1 0
sphere 0 -2 -16 0.5 1 1 0
sphere 0 -1 -16 0.5 1 1 0
sphere 0 0 -16 0.5 1 1 0
sphere 0 1 -16 0.5 1 1 0
sphere 0 2 -16 0.5 1 1 0
sphere 0 3 -16 0.5 1 1 0
sphere 0 4 -16 0.5 1 1 0
sphere 0 5 -16 0.5 1 1 0
sphere 1 -5 -16 0.5 1 1 0
sphere 1 -4 -16 0.5 1 1 0
sphere 1 -3 -16 0.5 1 1 0
sphere 1 -2 -16 0.5 1 1 0
sphere 1 -1 -16 0.5 1 1 0
sphere 1 0 -16 0.5 1 1 0
sphere 1 1 -16 0.5 1 1 0
sphere 1 2 -16 0.5 1 1 0
sphere 1 3 -16 0.5 1 1 0
sphere 1 4 -16 0.5 1 1 0
sphere 1 5 -16 0.5 1 1 0
sphere 2 -5 -16 0.5 1 1 0
sphere 2 -4 -16 0.5 1 1 0
sphere 2 -3 -16 0.5 1 1 0
sphere 2 -2 -16 0.5 1 1 0
sphere 2 -1 -16 0.5 1 1 0
sphere 2 0 -16 0.5 1 1 0
sphere 2 1 -16 0.5 1 1 0
sphere 2 2 -16 0.5 1 1 0
sphere 2 3 -16 0.5 1 1 0
sphere 2 4 -16 0.5 1 1 0
sphere 2 5 -16 0.5 1 1 0
sphere 3 -5 -16 0.5 1 1 0
sphere 3 -4 -16 0.5 1 1 0
sphere 3 -3 -16 0.5 1 1 0
sphere 3 -2 -16 0.5 1 1 0
sphere 3 -1 -16 0.5 1 1 0
sphere 3 0 -16 0.5 1 1 0
sphere 3 1 -16 0.5 1 1 0
sphere 3 2 -16 0.5 1 1 0
sphere 3 3 -16 0.5 1 1 0
sphere 3 4 -16 0.5 1 1 0
sphere 3 5 -16 0.5 1 1 0
sphere 4 -5 -16 0.5 1 1 0
sphere 4 -4 -16 0.5 1 1 0
sphere 4 -3 -16 0.5 1 1 0
sphere 4 -2 -16 0.5 1 1 0
sphere 4 -1 -16 0.5 1 1 0
sphere 4 0 -16 0.5 1 1 0
sphere 4 1 -16 0.5 1 1 0
sphere 4 2 -16 0.5 1 1 0
sphere 4 3 -16 0.5 1 1 0
sphere 4 4 -16 0.5 1 1 0
sphere 4 5 -16 0.5 1 1 0
sphere 5 -5 -16 0.5 1 1 0
sphere 5 -4 -16 0.5 1 1 0
sphere 5 -3 -16 0.5 1 1 0
sphere 5 -2 -16 0.5 1 1 0
sphere 5 -1 -16 0.5 1 1 0
sphere 5 0 -16 0.5 1 1 0
sphere 5 1 -16 0.5 1 1 0
sphere 5 2 -16 0.5 1 1 0
sphere 5 3 -16 0.5 1 1 0
sphere 5 4 -16 0.5 1 1 0
sphere 5 5 -16 0.5 1 1 0
sphere 6 -5 -16 0.5 1 1 0
sphere 6 -4 -16 0.5 1 1 0
sphere 6 -3 -16 0.5 1 1 0
sphere 6 -2 -16 0.5 1 1 0
sphere 6 -1 -16 0.5 1 1 0
sphere 6 0 -16 0.5 1 1 0
sphere 6 1 -16 0.5 1 1 0
sphere 6 2 -16 0.5 1 1 0
sphere 6 3 -16 0.5 1 1 0
sphere 6 4 -16 0.5 1 1 0
sphere 6 5 -16 0.5 1 1 0
sphere 7 -5 -16 0.5 1 1 0
sphere 7 -4 -16 0.5 1 1 0
sphere 7 -3 -16 0.5 1 1 0
sphere 7 -2 -16 0.5 1 1 0
sphere 7 -1 -16 0.5 1 1 0
sphere 7 0 -16 0.5 1 1 0
sphere 7 1 -16 0.5 1 1 0
sphere 7 2 -16 0.5 1 1 0
sphere 7 3 -16 0.5 1 1 0
sphere 7 4 -16 0.5 1 1 0
sphere 7 5 -16 0.5 1 1 0
sphere 8 -5 -16 0.5 1 1 0
sphere 8 -4 -16 0.5 1 1 0
sphere 8 -3 -16 0.5 1 1 0
sphere 8 -2 -16 0.5 1 1 0
sphere 8 -1 -16 0.5 1 1 0
sphere 8 0 -16 0.5 1 1 0
sphere 8 1 -16 0.5 1 1 0
sphere 8 2 -16 0.5 1 1 0
sphere 8 3 -16 0.5 1 1 0
sphere 8 4 -16 0.5 1 1 0
sphere 8 5 -16 0.5 1 1 0
sphere 9 -5 -16 0.5 1 1 0
sphere 9 -4 -16 0.5 1 1 0
sphere 9 -3 -16 0.5 1 1 0
sphere 9 -2 -16 0.5 1 1 0
sphere 9 -1 -16 0.5 1 1 0
sphere 9 0 -16 0.5 1 1 0
sphere 9 1 -16 0.5 1 1 0
sphere 9 2 -16 0.5 1 1 0
sphere 9 3 -16 0.5 1 1 0
sphere 9 4 -16 0.5 1 1 0
sphere 9 5 -16 0.5 1 1 0
sphere 10 -5 -16 0.5 1 1 0
sphere 10 -4 -16 0.5 1 1 0
sphere 10 -3 -16 0.5 1 1 0
sphere 10 -2 -16 0.5 1 1 0
sphere 10 -1 -16 0.5 1 1 0
sphere 10 0 -16 0.5 1 1 0
sphere 10 1 -16 0.5 1 1 0
sphere 10 2 -16 0.5 1 1 0
sphere 10 3 -16 0.5 1 1 0
sphere 10 4 -16 0.5 1 1 0
sphere 10 5 -16 0.5 1 1 0
sphere 11 -5 -16 0.5 1 1 0
sphere 11 -4 -16 0.5 1 1 0
sphere 11 -3 -16 0.5 1 1 0
sphere 11 -2 -16 0.5 1 1 0
sphere 11 -1 -16 0.5 1 1 0
sphere 11 0 -16 0.5 1 1 0
sphere 11 1 -16 0.5 1 1 0
sphere 11 2 -16 0.5 1 1 0
sphere 11 3 -16 0.5 1 1 0
sphere 11 4 -16 0.5 1 1 0
sphere 11 5 -16 0.5 1 1 0
